weights
0.002
0.001
0.003
0.003
0.12
0.002
0.001
0.001
0.001
0.001
0.002
0.001
0.001
0.091
0.002
0
0.001
0.002
0.085
0.001
0.001
0.001
0.002
0.002
0.002
0.001
0.001
0.001
0.001
0.001
0.003
0.001
0.002
0.001
0.028
0.003
0.001
0.003
0.089
0.212
0.002
0.144
0
0.002
0.01
0.002
0.002
0.002
0.001
0.001
0.02
0.001
0.002
0.001
0.004
0.001
0.002
0.124
0.003
0.001